%%
%

JordRadie = 6371*1000;
JordMassaa = 5,972*10^24;
G = 6,67408*10^-11;
M1 = JordMassa;
M2 =;
r 